image_00000 622 515 687 585
image_00001 626 521 684 588
image_00002 625 517 693 593
image_00003 624 516 687 584
image_00004 621 514 691 586
image_00005 616 507 687 585
image_00006 617 508 695 584
image_00007 615 506 691 585
image_00008 614 504 695 587
image_00009 614 505 696 588
image_00010 612 503 692 589
image_00011 609 502 692 590
image_00012 607 503 695 591
image_00013 603 501 704 590
image_00014 607 502 694 590
image_00015 604 498 693 591
image_00016 602 475 723 596
image_00017 604 474 722 594
image_00018 602 475 733 597
image_00019 598 476 734 594
image_00020 599 477 739 598
image_00021 605 478 735 597
image_00022 598 477 740 598
image_00023 599 479 739 599
image_00024 596 475 739 599
image_00025 595 478 739 598
image_00026 591 476 739 603
image_00027 590 478 742 601
image_00028 588 474 738 604
image_00029 588 477 742 607
image_00030 654 478 746 605
image_00031 653 474 745 603
image_00032 660 477 750 610
image_00033 660 484 746 602
image_00034 654 456 749 614
image_00035 658 466 741 608
image_00036 671 461 747 607
image_00037 658 456 743 609
image_00038 665 466 748 602
image_00039 665 464 749 607
image_00040 670 459 754 603
image_00041 655 456 750 612
image_00042 655 455 753 608
image_00043 650 461 753 605
image_00044 651 463 754 602
image_00045 650 462 753 614
image_00046 641 463 758 608
image_00047 639 463 758 607
image_00048 678 467 766 540
image_00049 686 464 760 535
image_00050 686 456 765 528
image_00051 692 456 762 535
image_00052 693 458 766 534
image_00053 690 459 769 532
image_00054 702 468 761 523
image_00055 703 469 763 522
image_00056 706 467 762 521
image_00057 708 463 764 524
image_00058 714 470 763 521
image_00059 713 465 765 523
image_00060 711 466 769 527
image_00061 709 468 765 524
image_00062 714 476 765 521
image_00063 707 471 764 521
